24939
-134218
123647
-62085
849809
1951043
123647
-665784
-342505
-524386
1295127
-1811002
65842
1209214
123647
-3755888
241320
-2665924
-3768616
1001912
-3797445
-552309
-4722506
0
-3641177
-2234601
-3192236
-3892807
-1616391
448104
-464413
425405
-1697346
1955757
-857978
-6431331
-2436655
-740370
-773274
663218
-778730
-7038632
1241130
822784
-4489959
3687587
385093
-3420256
2206782
1727908
2617294
2565037
538886
-535193
-193694
-5464347
-5817865
-1611495
-5695553
0
-3854807
685063
-8424018
-2349289
385332
-1142041
-4350931
-2632138
-6006601
154255
5772935
-4905330
-4632229
-2213731
-3393303
-4851084
5281357
-2291659
-2979651
-1313814
-3926400
-1859050
-7030858
-2220722
-375090
26682
2768467
-2488057
-7807603
-8704101
1076700
3841714
-6135770
-3453716
-2234354
-6751087
200932
-4235574
-8742247
-6580514
1771534
-3349583
-1216770
-3430964
-736286
982364
-1784726
552014
-103692
2296841
-3497833
-7560653
-2456
-3176840
104546
-4523251
-4338041
-10723041
5682498
4441678
-9200278
-7863518
-15738522
-372359
-10029091
-1081724
-612590
-6586195
251949
-9393743
-2507735
3711759
-12787770
-13367325
-5723675
-9404149
-9742201
230850
4006130
-1769560
-5618207
-10239660
-10842339
-15163394
-2446121
3104291
200015
2437385
-526618
-15315257
2959250
-214776
-5246142
-12686213
2952237
106037
-6180934
-10158091
-5685713
-17058139
-16123361
-3574171
-9685811
676461
-10598586
-17440336
200925
-17363370
-2238867
-14075132
-9339666
-4547707
-7061166
396705
-618161
2418301
-4996741
-5728789
-5001702
-5469944
-13728211
-1432733
595618
-13994407
-3566425
-8857843
-3884592
5642065
2369481
-17006748
842630
2048967
3066098
-16374091
-13140039
-18126190
-4992432
341154
-2478090
-16097504
-14937396
-15055585
-8023284
-2463258
-6873802
-1803613
-7335717
2215648
-2555445
-10354973
-19527997
-569654
-6916403
-5744852
1247568
-4806496
-7050909
-2366292
-777124
1273250
-5520250
-13108883
-1519906
-3162907
-7509285
-6841005
-14370381
1796890
-11036680
-3179742
-15410319
-4732387
-14087039
-17572538
-8452172
-12462312
1951665
-17908450
-685268
-10061564
-5753873
-7006559
-12876876
-4390199
-12243713
-2510733
-804498
-305478
-8775526
-1001903
2440734
-1372937
-12519693
227876
1902200
-16105549
-2032739
-13206490
-3880034
2674708
-190414
-565616
-5402402
-550684
2544849
-9336015
3819912
-784862
1199930
-5753302
2410870
1970365
-9194942
-2378260
-15312788
-13137547
-2603544
-8951653
-1543214
-6187099
-10599573
-17707826
-276036
-616504
5625922
-18391250
-20775660
189950
-2552015
-16772244
-1242939
-738016
-2566749
-2145869
-272129
-17905074
971743
-607851
-19680235
-4283396
2133912
-12845031
-2814797
-16347192
-19893292
-3292517
-844815
-17962732
-9541251
-848548
727161
-4753513
-4410968
-433070
-9059936
1775696
394392
-237169
3900739
1529421
-4627049
922390
-4736573
-303804
-3156691
-11744250
-15527936
-13455523
-11999008
-3245787
-13531662
-3448755
-157933
-13365807
-10938118
-2473697
-12094724
-1082933
-9468459
-7828707
2011934
-6011475
1514135
-18023104
-7230000
112742
-17060587
-5860005
-18455802
-51085
1678212
-4826852
-13327207
-8131012
4146092
-4671352
