24939
-134218
123647
-62085
849809
1951043
123647
-665784
-342505
-524386
1295127
-1811002
65842
1209214
123647
-3755888
241320
-2665924
-3768616
1001912
-3797445
-552309
-4722506
0
-3641177
-2234601
-3192236
-3892807
-1616391
448104
-464413
425405
-1697346
1955757
-857978
-6431331
-2436655
-740370
-773274
663218
-778730
-7038632
1241130
822784
-4489959
3687587
385093
-3420256
2206782
1727908
2617294
2565037
538886
-535193
-193694
-5464347
-5817865
-1611495
-5695553
0
-3854807
685063
-8424018
-2349289
385332
-1142041
-4350931
-2632138
-6006601
154255
5772935
-4905330
-4632229
-2213731
-3393303
-4851084
5281357
-2291659
-2979651
-1313814
-3926400
-1859050
-7030858
-2220722
-375090
26682
2768467
-2488057
-7807603
-8704101
1076700
3841714
-6135770
-3453716
-2234354
-6751087
200932
-4235574
-8742247
-6580514
1771534
-3349583
-1216770
-3430964
-736286
982364
-1784726
552014
-103692
2296841
-3497833
-7560653
-2456
-3176840
104546
-4523251
-4338041
-10723041
5682498
4441678
-9200278
-7863518
-15738522
-372359
-10029091
-1081724
-612590
-6586195
251949
-9393743
-2507735
3711759
-12787770
-13367325
-5723675
-9404149
-9742201
230850
4006130
-1769560
-5618207
-10239660
-10842339
-15163394
-2446121
3104291
200015
2437385
-526618
-15315257
2959250
-214776
-5246142
-12686213
2952237
106037
-6180934
-10158091
-5685713
-17058139
-16123361
-3574171
-9685811
676461
-10598586
-17440336
200925
-17363370
-2238867
-14075132
-9339666
-4547707
-7061166
396705
-618161
2418301
-4996741
-5728789
-5001702
-5469944
-13728211
-1432733
595618
-13994407
-3566425
-8857843
-3884592
5642065
2369481
-17006748
842630
2048967
3066098
-16374091
-13140039
-18126190
-4992432
341154
-2478090
-16097504
-14937396
-15055585
-8023284
-2463258
-6873802
-1803613
-7335717
2215648
-2555445
-10354973
-19527997
-569654
-6916403
-5744852
1247568
-4806496
-7050909
-2366292
-777124
1273250
-5520250
-13108883
-1519906
-3162907
-7509285
-6841005
-14370381
1796890
-11036680
-3179742
-15410319
-4732387
-14087039
-17572538
-8452172
-12462312
1951665
-17908450
-685268
-10061564
-5753873
-7006559
-12876876
-4390199
-12243713
-2510733
-804498
-305478
-8775526
-1001903
2440734
-1372937
-12519693
227876
1902200
-16105549
-2032739
-13206490
-3880034
2674708
-190414
-565616
-5402402
-550684
2544849
-9336015
3819912
-784862
1199930
-5753302
2410870
1970365
-9194942
-2378260
-15312788
-13137547
-2603544
-8951653
-1543214
-6187099
-10599573
-17707826
-276036
-616504
5625922
-18391250
-20775660
189950
-2552015
-16772244
-1242939
-738016
-2566749
-2145869
-272129
-17905074
971743
-607851
-19680235
-4283396
2133912
-12845031
-2814797
-16347192
-19893292
-3292517
-844815
-17962732
-9541251
-848548
727161
-4753513
-4410968
-433070
-9059936
1775696
394392
-237169
3900739
1529421
-4627049
922390
-4736573
-303804
-3156691
-11744250
-15527936
-13455523
-11999008
-3245787
-13531662
-3448755
-157933
-13365807
-10938118
-2473697
-12094724
-1082933
-9468459
-7828707
2011934
-6011475
1514135
-18023104
-7230000
112742
-17060587
-5860005
-18455802
-51085
1678212
-4826852
-13327207
-8131012
4146092
-4671352
-15986833
-11481454
-17528524
-15074907
-17398643
-15922942
-1561921
-4590221
2402441
8039947
-8056202
1306775
-6038016
472871
-12915192
-4299896
3914803
-7033903
-29694809
-13908578
-18930879
-14637800
-5588102
2743950
-11817119
-8254877
-12810983
-14960979
-9099164
-2336726
-14028974
9125687
4082886
3450952
-7452896
-9745423
-24388693
3174328
-18017723
-3951712
-9733593
-5219282
-2501486
-5734567
1562406
-244301
-6884472
2214327
-857656
-9546535
-3397682
-11523294
-20425197
305260
717244
-675486
-22207814
-4481299
-1927169
-20717889
-8880778
-24639719
-6144025
-18254279
-23604719
-28477166
-25627344
-29017731
196417
1063199
-6985029
-25490451
-14529608
-32166933
-9928727
-2188689
3744093
850805
809108
3903496
1192032
-20656535
3509457
-16626178
-4770917
-23427142
-3072327
-549673
-24209907
-14412776
-5613417
-15654508
-3397055
-5669114
-520876
-9177100
-24815397
-5003869
-5163239
-9561045
-15642415
-4711595
-7306558
452300
-3241713
-6421546
-11735704
-4467937
-2579732
-19902036
-23579559
-6163243
-16641710
176017
-18104101
-12079138
-24430149
-10295581
10916390
-25044589
-22102660
-5781476
-9634315
-155295
-4983989
-34824602
-14083998
-18075083
-15274331
-2885635
-22304388
-8569512
-33659978
-13092304
-24456308
-12239275
-6005518
7826093
-2366340
10612042
-7005093
-27466449
14669431
-19361820
-12684578
-2081545
-31124389
-14729664
11932856
-13911950
-3872987
-3385958
6908379
-22178063
-9511957
-16866377
-15314999
-2022492
-10824801
-6430506
-15959793
-21067904
-27556651
-600419
-19217375
-10962690
-11250826
-18536483
-9839025
-9398155
6188912
10953613
13181889
-167453
4236947
4899417
-4342008
-2992670
-18204871
414689
-2508429
-13024476
-34448
-5223786
858109
-16925797
-9442167
-14247345
-2428749
-9607778
-7270104
-5243177
1129702
11698784
-20867495
-6628485
-1359677
-5706144
-4847875
-2416892
-8803744
-2168463
-23821567
-16221733
648000
2092385
-14646785
-126110
2848123
-5861708
-19949904
-7516903
-11196263
-3225353
-9230152
-5231073
14012577
3769853
-7922089
14375072
-17973423
-9219060
4595312
-13150000
-451861
-7651317
-12216819
-4292568
4373728
-17558875
-13982308
-4597796
-16683274
-10717655
-23978259
-12952497
213789
-8372859
-8287479
-18961381
862458
-12504708
-14537623
-613286
-3997329
15202510
-862730
-13453791
-11816080
-18004313
-10942665
7300255
1898485
5705505
-5828997
20684
-7505376
5304814
-9397259
-31475102
-15521030
-15794023
-2815399
-14195878
-22046451
-3447275
-14215369
-12757912
-9645476
-26086555
12911964
-815413
-13785568
5557357
-27153594
-13579848
-17404593
6675619
-5879094
-23609096
-26256231
-9034983
-12379271
-2891786
-10595703
-7477059
-4514035
857928
-11095982
-12326731
-30568967
-4623529
1114838
-17181896
-3456010
1968582
5662107
-5054634
-2058053
-19430119
4471117
1048662
-1551591
-6830334
-27759498
-1809700
-8855745
-16765497
-466851
-23618682
-845401
-16043309
-5180916
-22271125
5793683
-8420163
-4684897
-3501830
-2917125
-9307201
-13176640
-6239573
-7733432
3263558
-11666802
-3707424
-2519172
-13248108
-25211685
-25541278
-9966797
-10110190
-623598
-9891257
-25702519
-11543264
-25342919
-16054406
-7327440
441211
-15937450
-13933843
-22664050
-12884378
-23270958
-15970102
-11637753
12356229
-12112736
-28188055
879614
-973747
-17686642
-11612320
-12119780
4167703
-14603243
-8844190
3831910
-864713
3424253
-10336637
-4547695
-27770482
-2794610
-11327429
-1356986
9178528
-12015529
-4065989
1703879
7195683
10600928
10563577
-6577254
1562098
-20114899
-9102458
3886404
0
-5402107
-6641699
-14258901
-15319005
-1943367
-12273369
-2489895
-7972586
-824931
-7399290
10491103
3861639
-9398018
3729973
-12172045
-10601246
-3932928
-15771610
-9608730
8521999
-24358787
-8258870
2014996
-15357285
-13551765
-9394566
-15966227
-21746619
-6126407
2628044
-10966414
-12957114
-8161281
1108647
-9844343
-4756432
-23687410
-24270342
-9884796
-7346106
-3876000
-10921822
-1999027
1434412
-1365589
-15469489
-12567092
-10558166
-19792475
-25182679
-6267803
5563173
-14408672
-28545069
-20619980
769718
2167162
-3146620
-16513865
5602527
-25884521
-21312414
-2974989
-9715032
-12490241
4141091
-4696676
-2965470
7313452
-5768975
-3288936
-6414290
-10523867
-27771601
-10731937
-3713185
-18163736
-12045297
-7385895
-10206702
-10616895
-14756603
-215943
-15286508
-12773037
-6485923
-13638098
4222306
-2650242
-28612373
1996831
-36346746
-10880444
-26633334
-7626397
-4206180
-6185169
-12163243
-2131756
-2064596
153928
2186391
-25117719
-10469910
711418
-10758710
-30940203
-15141760
-6731970
-25292360
7249865
-13063122
-15961090
-13420596
-23213387
-12089475
-11788899
-13883691
-1241588
-19341826
-15834217
-18934867
-11029689
-12044997
-6895317
-1582122
-8998302
949519
-3202566
-2724011
-293842
-13517167
-693261
-26208400
-888509
-14280218
-15415958
-11376739
-17867690
-8427664
-25954482
-9822904
-5884456
-9138367
-7111590
-30172702
-11021046
-17102072
-14561511
-27114175
-24454316
-1874662
-3239463
-14405173
2241442
-1541779
-27181950
-21154501
-6877340
-4546602
-18098579
-33093969
-11288353
-17428780
-8789685
-11888582
-7919116
-5961418
-7027260
-516282
-1123251
-20630478
-13447314
-22724278
-6147952
-11426598
-4584405
-25036958
-12640279
-10579571
-22528617
-8303801
-8292671
-12330768
-2888025
1088165
-3987930
-10141692
-415260
-16057368
-6707243
-7353751
2489187
-11793017
-27737038
2937253
2819133
-11699937
-3912582
-946526
-1995421
-1240531
-549650
1593098
5013261
-13864522
-10895991
-12550486
-12254375
-12247773
-5200672
-1280038
130024
-18924206
-12447812
-10701924
-8115264
-23628144
-9350357
-12264171
1860350
-8281212
-1882725
-20761998
-8811368
-2362177
-4081911
-5349796
-20721440
1116780
-15022180
1357931
-5421458
-11079435
-14508410
-6393675
-11035352
-25795785
-26263108
-13835566
-19374959
3713623
-5610652
-25128217
1499704
-12263020
-8117251
-9929256
-13688196
-8297482
-21732689
-25789421
-6642736
-12453577
-14579600
-8384295
-22880
-8668675
-20267061
577257
-10216366
-5262590
-19393775
1437753
-105518
2095516
-3916019
-9324917
-6151231
-4047728
-22264737
-10927570
-4411025
-21121877
347250
-27091869
-12626657
-18468293
-12730855
-3161279
-4269469
1942984
-10745300
-7819635
-12138172
-14927974
-13314639
-13810323
-14892748
-10912485
-22131731
-10582675
2079552
12400
-23636157
-8512752
-24456441
-5760296
-12456674
328806
-2390998
-12196322
-12557578
-24291414
-10221475
-6331894
-14091011
1135378
2493634
-7242427
-24041467
-7769767
-21409677
-11608252
-16231552
-166468
-10823594
-25914887
2846347
-5625322
-8342953
-32546581
-13377011
-17994017
410773
-1152665
-13483466
-12303213
-502670
-13209094
-19218515
2145090
-13493935
-15345329
-9998591
-11717690
-16805021
-11037758
-10248560
-559815
-16013794
-29104362
-22967264
-8613193
1260762
-14939083
3809930
2665001
-13057328
1248632
-13179480
-10029140
-919888
-5975023
-4039573
-17279786
-11223317
-36953106
-12967697
-20052294
-4315665
-11055068
-1640844
-9552623
-17867124
-12623481
-20692317
-16488806
2730925
-8848384
1324676
-13146037
-300856
-3575710
-22284564
-27136139
-17201048
-12275543
-2987424
-9332422
-999313
-10689217
45600
-29100344
-25121785
-12037446
-10026182
-19045160
2470291
-14005402
-7037116
-8095400
-14882010
-1883521
-34688192
-2140735
-27622869
-17872603
-12505077
-13596679
2247226
-10470679
-7365900
-3400779
-12062388
-15661624
-213856
-22047602
-8145262
-12878572
-8967946
-18551322
-14479924
-28717913
-3742159
-22386359
-7247519
-14369538
-6603813
-30299662
-1113141
-9962093
-4994796
-256927
-8079819
-5421853
-2269188
-2297978
3599338
-9349072
-23618621
-9208187
-9583297
-16060341
-15621872
-7354647
-6114055
-5847643
-9669574
-5984285
-24170708
-12973231
-9416534
-9609473
-1029644
-30257414
-1450824
-1467702
-24354138
-21086586
-19170173
-26721211
-3879344
-11679814
-15498713
-8095976
-2435608
-24467554
-27185482
2675555
-449537
-18841441
-4041820
-1006818
-14120475
1536427
-20312210
-30527652
-25742262
-4965538
-2816789
-1991814
-19284672
-15356960
-24398100
-33508377
-15313599
-7172703
1296782
-16054295
-10019725
2089974
-17255410
-20393209
-428803
-30884911
-1330769
-22839014
-2572304
-9076081
-7565625
-2346840
-2325973
5899167
-14893998
-28340103
-17951381
-30736672
4801721
-12630949
-19723432
-7003072
-5930386
3170398
1237098
-8816809
-14614547
-16330217
-10739740
-12321840
-11164783
-29687727
-1874118
-17366039
-2062056
-2029271
-5642102
-14842181
-3171983
-25594937
-15753643
-4799425
-32198811
-4714712
-6661934
-19850064
3559414
-10389516
-14919773
-3471167
-22881953
-13384272
-18146335
-1464557
7462603
4013252
-18159050
-6887925
-11302
-14490700
-18820377
178614
-3599183
3545025
-12222714
-18953284
-27516398
-10040666
-10754407
-12047116
-27918255
-15978069
-1700374
-30429685
-19235685
-9898903
-3577906
-16808209
-24092273
-9668436
-13364863
-5357979
-25642599
-10340097
-11321497
-15547811
-20751276
-4523855
-29055499
-1680178
-20307786
-25200033
-5975600
-10924695
2443945
-350466
-29698108
6655746
-28208577
1637215
-6275110
-18941041
-23443930
-1899043
-24987191
-23092432
-11808722
-25374989
-11291720
-14183630
-10883584
1813823
179138
3756795
-22227559
2047539
-12081279
-5197485
-5776309
-16061777
-28437230
-5272076
-13789188
-8926974
-5259584
2227496
-2094031
-14149171
-3978455
1419819
-9916842
-21881463
-14283611
-2034518
-7105508
-1668760
-10160376
-35279944
-13807760
-3173220
-22396008
3960606
-10200875
-11761184
-5143896
-6940475
-28338148
-11867752
1133200
6907539
-11735310
-3816051
2853497
-14580290
-9792932
-26193597
-13610977
-15903712
-20826191
-30410320
237405
-8022040
-16368508
543882
-10690008
-2370686
-11499061
-7352285
-14706639
-24374626
-9324771
-12630460
1582456
-10845633
-11617416
-25168494
2227374
-16990362
-14430784
4643781
-18815550
-21368296
2608306
-11126939
8063833
-29189958
-30124614
4289725
-26620313
-1041678
-5848572
-15478122
-8586138
-7259215
-2330905
1018134
-30868045
-10522964
-5407730
-8791572
-26680717
-489071
-7226970
-16171933
-17646851
-10005403
-19968610
-18343151
-18727966
-6741897
1886377
-26183645
-116343
-8504554
-4774849
-24225100
-38281353
-29636913
-14347885
-8953532
-20010655
-16927891
-25519070
-3492469
-26612156
-3882245
229553
-8835632
1370404
-1487047
-17459476
-16320937
4340882
-18255652
-12046723
-2813456
-28327360
-19094171
-26994898
-20591034
-24902409
-8819420
-36181082
-8498739
-27240774
-15254215
-10365147
-19862624
-17009390
-8619527
-19725138
-23585354
-29731020
-2050487
-13945892
-7218841
-13853439
5324274
-4680423
-21685791
-4652309
-11007340
-33068947
-22994279
-7743952
-10074450
-25538075
-26330922
447094
-20513107
-22587133
-1505176
-5487676
-10345718
1073228
-3658463
-124361
-10809998
-2328239
-32187987
-3606092
-10679905
-20276693
-540514
-25558947
-7338489
-14013559
-1631799
-32970893
-3466330
-11618035
2664795
-19289260
-16648345
-21614395
-4800741
-26818780
-17927263
-21957712
-22468892
4224602
-34539211
975242
-27254458
-14456027
173054
-20438181
-2756140
-10150481
576729
-9802194
928110
-7605726
-10486557
3299550
-20757638
-19047499
-17876882
-17305598
-25295866
-21276093
-20264802
3353607
-3102695
-6185312
-12056867
-7278491
-12593131
21305
-22328808
-9093832
-4574349
-13442958
-7580375
147059
831903
-15240844
-14664709
-19273772
-8363003
-16180658
-1317891
-15287606
-18584714
-20085524
-6918095
-27661971
5097651
-14428114
-4253650
-9058757
-24148774
-10951852
-8150910
559339
3119552
-10171347
-6726474
-7059056
8726622
-7845650
-10331412
-6989059
-17707314
-13234097
-190005
4490528
-7198251
-13081436
-18242288
-23084761
-20105321
-12191739
-20966965
7832015
-25888275
-3039581
4360456
4323179
-3051053
364594
2697417
399721
-9287858
-1200240
-16313521
-1531648
-7003665
968909
2510060
311069
-2887517
-10477124
-7958121
-2221845
3377746
-5559611
7028922
-11292861
-7714065
9445930
-17004793
-6082411
8185147
-5669897
882702
-9096282
-11360034
1813242
-14280686
-3341236
657228
-13455584
-18095802
-331535
-4358906
-11424244
-11121838
-15403383
-20484971
-17654810
-16646449
1550674
-14165104
-1671986
-16191327
-7481367
654288
-3542404
2014473
-12834863
6208739
-15201234
-1360062
571408
9234898
-872020
-11868602
-10295148
-21053471
3756463
-6959987
1329917
-5082327
-15122103
1098803
-8216530
-1635786
-9572286
-132103
-9494581
-3949822
-3712544
6209973
-8833322
-3561698
-13049604
-9242613
-5280588
-11187948
-13194831
1411361
10331788
1710331
-3720778
-4831807
-16420063
-11661224
2550329
-2651474
4175755
-4470010
-18823548
1092248
-22447719
-72822
2115583
5150092
6861918
4547546
-25077984
-10232618
-1525078
-17163632
1385670
-24766665
-7518684
2802503
-26792054
8291488
-21750165
-4435309
3506712
-15212854
-17958178
-3488993
-3352151
-7437171
-50693
7480939
-10970576
-13519388
-10859913
-8680450
-28221985
-2899149
-18201473
-19807602
-9177300
-11615868
-12590538
-15397324
-13921167
-11050808
877600
-15985613
-6337374
5262904
-21042375
-22258226
-22221397
-5102417
-12549689
6881344
-1157875
4132058
-10878486
9004645
-9667786
5792784
-2752244
8878701
-27957453
-9104823
-12826090
-5226131
-189311
-7601059
-11737627
-15133353
2378878
-18982900
-25796569
-12828094
-13828378
-17171776
-19586246
-6685570
-12343842
-14658237
-24136523
-16879810
-13118113
-5010802
-18080663
-2588526
3367033
-16912284
-7816812
-48435
-5922484
-8365282
-21255695
-15178275
9574404
-27824464
-411536
-2387178
-7056458
-14083825
2315251
-13053853
-1407373
-8002891
-220711
-14239879
-6785192
-5026284
-11877910
1722613
-24925864
-12177381
-3711061
-20865974
2004060
-18831652
757333
-1366476
697106
9487505
5534597
-10554502
11081136
-10414559
-19754014
-3058596
-5309038
2685125
5154983
-9444634
-1825579
-131177
468863
-66024
-10517995
-831757
-13897328
-11847316
-18781142
0
-13871950
-9344146
2372310
-529920
-4889774
4548105
-25161049
-57702
-20983398
-13500756
-8209837
-19721346
-22897311
-516780
-11873305
-2917075
-12579275
-4850339
-15589457
1148478
-23960627
-17424594
-13865503
-9025039
3159998
-4708901
2316336
-12565337
-12703187
9721385
-4796757
-2121766
5457257
-16696607
-17999413
-8616696
-23953951
-15829090
-8165379
-2034578
-3254157
1076239
-10196946
-18674786
-8633362
-2686585
-14482902
-10857882
-6216749
-5422776
-13630936
-6019566
-15189905
-10793167
-7595540
-5197999
-6189831
-3105697
3235007
-13556042
3491886
-18264402
-21328699
-6906801
-7178105
-3221001
-6712893
-4597683
2222669
-4597805
-4820952
4092091
1836265
-10076744
-20337328
-11116485
-8192384
-6848474
-5286699
-12570412
-15449328
-10528113
-14831684
-16375964
-3855217
10389478
542646
-12471155
-20318836
-7327725
-10953536
-10121726
2281605
-19161548
-15031208
7991837
1834119
-2623934
-9750543
-8538528
-19768139
-14050751
-10774970
-12567072
6475427
-10783862
2424127
10457451
-12099803
6684222
-2990384
-5967561
1684314
-2774280
-18590403
2907454
-2076804
-16303122
-1474335
-20876166
-10014965
-23848199
-8041312
-7704766
1121636
9226648
-15971073
-14515606
-3724834
-23984997
-6373879
-15038900
-15161888
-4920775
-2590348
-9377091
-4591391
-6255274
-22401990
-27003412
-20711577
-29296921
-12297797
-4560237
-10071341
-23220325
-6371404
-24043073
-18039802
-8258534
-21969095
5165953
-3779363
8261004
-12145895
-11995568
-3654233
-13150552
-20908033
-16197437
-17867251
2841069
-3542708
-24724805
-2245697
5566564
2924565
-1017389
13677307
-22196634
-11229349
-26312183
4012599
6192835
-2013349
-1351120
-18746149
-32156203
5262522
-11326808
0
3032286
7168778
-10820847
-6722225
-273792
-16456456
-31387832
-5525802
2652955
-22025707
-16943075
-30302575
-8863026
-34054751
-22187315
-25606727
-39300347
-1590899
9244364
-28968769
-427592
-25492574
-3342704
-14583921
-31472407
-4907156
-10134462
2283372
-19299409
6294148
-7689896
-7479796
-21033097
-11087311
4545949
-11621821
831614
-13023386
-26310381
-9376421
-32793708
-25075021
-2782499
-5518977
-26935144
-12932610
-16611032
-25950898
-6793339
-33242607
-8646342
-2670325
-20859522
-31210174
-16796203
-24668102
-7296096
-25522392
-19167815
-27189985
-13522081
1854103
7472245
-11782091
-32561057
-822630
21999
-1171740
-21733204
-22699128
-7295304
-30803262
1120803
-5931678
-7951246
-4205148
602965
-31355122
-3922773
-23692781
8366576
9347642
-5280156
12140294
-21211297
-20289845
-16254758
11410871
-11193081
4765278
1451604
-24213910
-26239735
-41910591
-41237125
-29452975
-24195515
-14833546
459340
-11995004
-30534171
-6522877
-11457902
-5606864
10150058
-15072803
9837809
111020
7854801
4355914
2403808
-3743407
-12954968
-7161419
-18668296
-15459137
29680
-31661435
-17457853
-5857487
-32698034
-18937279
2883335
-2086511
-15415830
-30377851
-32240737
9932480
-3176049
-7115394
-30298696
-19424314
-22767774
10452644
-15806812
-11457357
-11187425
-1561778
-23276816
-29385786
1394629
-10786969
-33718869
13561866
6564022
-28546937
-9919549
-6055204
-22758826
-6678063
-2659922
-17552588
-16282293
-15064400
-20137814
-1039232
-22445008
-4517922
-1568988
-11972335
-771278
10703945
-24690656
-17184114
-2365913
-32702398
-22092130
-22711555
-38173418
-6544393
12479620
-28901976
-36001319
-28436399
-11331627
10540520
-17780066
-19392495
-33355409
-2621069
-8798691
-15932298
-16985734
-30745491
-5958577
-4672993
-45930621
-16287156
-3756839
-9746401
-21657261
-22856180
-11275969
-18353693
-39109350
12648349
-6409507
9481673
-3355089
-26521518
11567444
-27348972
10034391
-32209556
-7270032
-6462645
-5802743
-6300906
-2485520
-3299081
-11347493
-22453957
-33399006
126150
-21260197
-20938472
13352465
-7297305
-28180943
-12935007
-32139662
3093959
11742786
-24056391
-27484229
-18923698
-40068567
-4697252
1771765
-14582651
-24534225
2529018
-40196268
-20512347
-24706255
-2630112
6210878
-24373162
27173
-22300427
-29709871
-43847598
-16125981
10718593
-23510747
-23195872
-4868150
1030792
-17960202
1826820
-27095436
-29917968
-3767344
-21084574
-32538722
983683
-14839305
-43061012
-603648
-23709438
-39921139
526927
-30459925
-16226352
-47601926
-22736572
-8134037
-11773956
-31379189
-14151718
1110481
6327032
1293918
-42891320
9249163
-33325150
558495
1884810
-11783027
-51356633
-14524003
-45252841
-41302405
-16985276
-26534679
24350554
-7762592
-19867741
-15106747
-11991295
-39571214
-20100231
-32278609
-28564888
5112202
-7341246
-6329255
-26921258
-45570576
7957293
-60241983
-49433952
-24070258
-35131385
-26622739
-7837216
-29107712
-34843954
-4918927
-985163
-39879368
-17027517
-41496551
-16312792
-687656
727254
6705744
10109835
-14904247
-38079285
-31743902
-26719522
-26340194
-12773435
-18213296
15141415
-22938735
-9319634
-8962801
-9379801
-1123585
-30591209
-25696677
-4518886
-8557110
568577
-40085593
3901064
-3299355
-14151800
-36896211
7678945
-48552092
25997824
-17185156
17410700
-10007000
-10587386
-44714059
-21198458
-15940433
-11075950
15230759
-4501012
-13679295
-14684267
4367653
16246217
-20264550
-40307563
-576213
-1247950
-13156525
-255807
-1079851
6198021
-23618148
-30125430
-20076242
-27015251
-44959952
-20644768
-2108435
7406579
-4763719
-745620
3831950
-16467412
-30018767
-11791452
-8008783
-8510782
-319889
-38064920
-34740465
-28348665
-48033974
4575394
-6868718
-22072529
-45100368
-17232737
-22844907
20547193
-48843178
-2120983
-11180005
-24345825
-25755684
-1353960
-25748306
-5055867
28682954
-30983820
-17060338
894553
2275794
1955744
-38880424
-36250880
-38638612
-41353457
10718388
-23192722
-5851503
-26718713
-5082026
263038
-30749530
760312
-31471949
-7873980
-628216
-35955180
-15536085
-34071258
-46747152
-32818615
-1657963
-5060580
-32333521
-6592873
-1066966
4289224
-4508136
-22720731
-4125022
-13899357
15522279
-13445299
-824670
-21188608
-12063322
-16746987
-23706851
-11670152
-5139896
-36595203
-7726777
-9985036
-9174517
-27343617
-2673762
-1448975
-27039585
-1513444
13558702
-28717821
-11688878
18126559
-11962146
10035483
-10279137
-35328415
-40379593
-16447409
-10210564
-9764838
-3860352
-6809454
-20991190
-25492034
-32369944
-36000843
-20698638
16211964
-15130491
11812177
-16352711
-42465338
-25643240
-38291302
-11019038
-4293948
-28629247
-22530319
-33979096
5671137
2103086
-2942567
-42955112
-440000
-32837318
2865355
-39572275
-50556147
-13132806
-12383946
-28831001
-24887187
-16105496
15576951
-25736056
-16783021
-6599197
-18452474
-23274672
-36116775
3055603
25648586
-31593321
18648702
-47956331
6854321
26973912
-2457280
-13890485
10341250
6430128
-28357902
-40745660
-21921453
-12810087
21059013
676956
-35575721
-13510104
-17569688
-10628764
7258020
-21078430
6120518
999429
-25370950
18508699
-26583299
-27493550
-33722517
2529204
15863844
-37544882
-7232272
18282320
-29745427
-21004773
-43052042
31573127
-19139255
7039271
-29283495
11419853
-36613273
11816670
-35900147
10876826
-29608369
-38839419
-19318048
21100971
-5523084
-32083851
-19645119
-2593698
-26890347
-38155012
-14909800
-8744690
-33378472
-10731356
-23910458
-3765408
-33321729
17644737
3586691
-12335950
20111956
-45197732
-21336970
-14881000
-21135319
-16327701
-15079924
-20302330
27715091
-42109302
-39407957
12223422
16667362
-45805481
8679240
832017
-7122801
7662017
-26900653
-48468307
-7480780
-13847952
-12338840
-14453030
9930524
-28020348
-41054939
-6790919
26200740
-28529064
14103736
16137016
-9787726
-15442715
-28728485
22693645
10905488
-34234275
-28375862
-17266181
1451204
23245208
-24659224
-12186017
28258646
-11159119
13833456
-21209860
8607511
-25474437
-6076973
17878381
8516528
-7867019
1782325
-10738360
-22326392
-16293495
2663977
27213331
-3518318
6943259
-25347079
-29988891
1729422
-1215204
-6012146
-14549348
-24090592
-30233202
-15120794
5630948
-29791609
11386394
18158487
-27106259
-5141039
5926719
-17831184
7283732
-9242225
-10584962
-12281120
-3801266
-9558449
-31476788
32397857
-3335131
-3700230
12491746
-29939763
7500578
-6783599
-13576622
-31602977
-18087545
-4449774
-15746982
2181048
-25721795
2812735
19874810
-17323703
-24280952
-24990809
-52976272
204034
-6855846
20207559
-4752116
-55629093
-2143462
4010982
-14547513
5740833
-16364652
-10785472
-16742734
-37676146
24276603
-56567460
-31855211
-7960057
-1017788
-24873335
-7166643
-32319934
955460
48470968
-6081592
-26556974
-26220004
-36526550
7504225
-7275756
-18399232
-19210057
-49931558
-63718782
-14813366
10423945
12866057
13956775
-78389015
39992347
1314327
-41588358
-23762062
-10764157
-22262453
4081932
30253546
-22799929
-16029983
-48126601
-62862645
-52543170
-31569855
2281435
-25301685
-18205551
-56042138
-26522238
13597208
-35962792
-36356671
-26696346
25802748
-38670843
-26891709
-34069542
-26804789
-24511090
-51457738
-18364718
-54291310
954631
2727764
-10818008
-45775884
7037152
-20974739
22541894
-50175666
5165206
-17105894
-9236409
857180
-26165889
-26885297
1063998
-31477134
2643632
-28296178
3471657
-5687882
-11078064
-23206547
-32055529
-31205
-3012322
-5439056
-17921247
5776557
248257
-39614328
32474188
-32930104
-16741921
-31400243
-49570661
21049640
-24937204
-17656561
-13915222
-6778025
-21468186
20153684
-25844197
-36399807
-3304827
-34316361
-28434676
-23223159
-27627260
-1025004
3518388
-24277149
19361776
-23608575
-44442632
-32820401
23684238
-30340417
-30732493
-34680044
-27172008
-45152771
-15223475
-30877232
20218281
-31682477
10012432
-2612200
-5969139
3364116
-2256192
-49195887
-40321943
-5738039
10194531
-31492971
-5948754
-1915880
-25157890
-48296172
-25603157
4068673
14211077
-44169310
-10838494
-7587413
-35131890
5281505
37044906
8369834
-9733260
-17427366
4261171
-22796951
-16935671
-2115211
-7567850
-43848164
-2501758
-31982452
-48688789
-5541773
-7826878
-25477679
-19737539
1577665
-28793644
-31189170
-6402302
-40304597
-742934
-13313248
3435711
-38249621
-61626405
-17665615
-55656526
-31462267
18935360
-43942179
-43660900
-22493386
-40779376
-4369686
-18929413
-78288804
-9116630
-3885686
11506913
-44243671
-31595153
-29224869
-576601
-5128053
9737079
-16827908
-10943976
-37363923
-33505467
-21253617
-27892345
-11517231
-24303637
-6484505
25035838
-23641023
-34372245
-14903749
13694601
-22408142
-20638823
-14733603
-25170856
-7669435
-20014585
-6224447
-26919547
-56457399
-18328268
-7273682
8801300
10755654
3218089
17389035
10773226
6571588
-827908
15162182
-33272310
-38022216
-26105595
17926083
-17573200
-28822715
10510382
-32222937
-27028541
-8774706
-16456279
-1684289
-9141176
-15672849
-18148619
-32999488
-7639413
-16808139
-30633679
-26208503
-18022806
-31099113
-9600162
-9144928
-18227783
-18683031
-11766730
-6061529
-33473101
-15349208
-12616056
778133
-9664938
-10648642
9268180
-3575973
-8403449
-20601250
-21191540
-34600241
-33965348
-35161918
-5770179
20274496
-67993597
20439445
-20400650
-48415072
-31205317
-22084307
-14374248
-47033878
-4969643
-27391293
-41532854
-22104244
11740122
-15777424
-35537027
-44862
-26832508
17220174
-15544770
-15697640
-13304185
-906507
-26176645
-19466625
-2684373
-4718252
6830797
29118856
-15572649
-33549128
12034370
-19811392
-10989765
-24739365
-27456398
-45891247
-10370782
-42437143
-7906593
-8236828
-12709696
-6637690
899378
-1334149
-38265942
-30737050
-327450
-65631954
-24058458
-23521339
14961502
-32088870
-49078960
-1255081
-4586595
16430961
-2167690
-9144404
5853259
-11141178
-2217281
-37690275
-129211
-37053661
-34545167
-41644289
-6122505
-25597973
-12391386
-24434103
-12501099
-24672277
10949823
1934790
-2652688
-1962034
-2887123
-1193033
-19091384
-28821371
-9146321
-21592738
-30404603
9921972
-7494360
-3293306
-17842656
-14070636
-12581951
-334440
-22094115
-9650604
-4842897
-14946477
-17645163
-8177445
-14519670
-6769286
-378134
-10633127
-25781923
-26236694
-28586484
9034449
17431329
-9928981
5606083
-20727829
-13053456
543509
-17563188
-55797553
14239096
-31411065
-18117751
-37846986
17833154
14802787
5246494
-34055007
-41179731
-26100728
-36849938
-72609
13686988
-9363895
-362590
-34470130
-3066065
-21465625
-32810756
-23416336
-24034618
-21068028
-49117382
710863
-8820139
10251977
-51382469
-19502029
-12214871
-31125293
15463520
-27622204
-16308158
-16282071
-33387236
-30556853
-5940836
-16871325
-14636719
15300099
6620849
11412598
-19752013
4182711
-25410533
-57043
-13164751
-23798350
-19275110
-8170062
7636662
-29886603
18247371
-18454041
700544
-11673253
15099461
4411966
12978250
-31715187
-19611679
-2825170
-4465010
-48220976
-31925927
-49789564
-25621565
-32326140
-14570589
-26369281
4775676
-17198613
-28550490
-24861796
-11549987
-6461161
-24048465
9754136
12497680
-9964117
-6414128
-21257535
-27905682
-3717866
-27067473
-34311815
-29852092
-26886503
-23271451
-30862225
-4779080
-4051580
-2373239
4781415
-41793459
-22792094
-14569352
-35819458
21266477
-26440810
-6428452
-33907076
1863258
-22676800
6438422
-2720112
-21585948
-36813401
-13451961
7789040
-30179579
1771285
-2788166
-17624139
-5073386
14840281
-314411
-1447657
3880521
-27742937
-7613297
5105051
-7105696
-3140047
-3842309
-3139097
5799450
-16117248
-18067609
4876549
-589636
-57036183
-5146239
-35670492
5147655
-27792699
-4842928
-8979533
-13885285
-29038826
-25247883
-13884615
-13555619
-34647041
-16656452
-32302972
15508409
-11164949
-35417720
-12740003
3568574
-1597128
-90147
-10408315
-3009718
-39208091
-21045481
-31557590
4408015
-29259982
-44447767
1186988
14364470
-2975608
-42256854
-10478716
-2729219
-26808719
-16569772
-15232454
-4032857
-22822368
-35612136
-22638108
3210001
-18242870
-28889692
-23483155
-17117987
-8723662
-44667249
-41573558
-19623851
-10904126
-19299804
-26414409
-10071400
-10352719
99965
-21529820
-39267686
831041
-502043
537274
12349401
-16224651
-2571704
-29553824
-28441470
-1550433
-18446791
-8298007
-17603776
2802163
-19974830
-17498071
14376003
-10919625
-40191774
-9750021
-3578364
28230446
-17288529
-21687959
-11761341
-44858821
-17169677
-17911492
-8053878
21436638
-18576316
-31290286
-26407453
-4226197
-30279809
